111100000
100001110
010000101
100011111
000000001
010000011
000000001
000000011
000000100
010011011
100000000
010000011
010000101
010000010
000000000
000100100
000110110
000011111
000100110
000101010
100000000
010011101
010001010
011100000
011010110
011110110
010001011
010011100
000011111
010011101
101001001
001111001
011101010
010001010
010010111
100000000
011010110
010001101
100000000
010011101
011110110
011010110
001001100
010001101
010011100
000011111
010011101
101000110
001100100
010011100
101001101
001111011
010011100
101000111
001100111
010001100
010001111
100010100
010011001
100000000
101111001
010000100
010010111
011110111
100000000
010011101
010110110
011110111
001001110
010001111
010011100
000011111
010011101
101000111
001111000
010001010
010010111
011010110
010010001
011110110
011010110
001010000
010010001
011110110
011110110
011110110
011010110
001010000
010010001
011110110
011010110
001010000
010010001
010000100
010010111
011110110
011110110
011110110
011110110
011010110
001010000
010010001
011110110
011010110
001010000
010010001
011110110
011110110
011010110
001010000
010010001
010001010
010010111
011010110
010010011
011110110
011110110
011010110
001010010
010010011
010000100
010010111
011110110
011010110
001010010
010010011
011110110
011110110
011010110
001010010
010010011
011110110
011010110
001010010
010010011
011110110
011110110
011010110
001010010
010010011
011110110
011010110
001010010
010010011
010001010
010010111
100000000
011010110
010010101
011110110
011010110
001010100
010010101
011110110
011010110
001010100
010010101
010000100
010010111
100000000
010011101
011010110
011110110
001010100
010010101
010011100
000011111
010011101
101010001
001111000
010010100
001001100
001001110
001010000
001010010
010010101
010000100
011100000
011100000
011100000
011100000
010010111
100000000
011010110
011100000
011110110
011010110
011100000
011110110
011010110
011100000
010101110
011100000
011110110
011010110
011100000
010110000
011100000
010110010
011100000
010110100
010001001
010001010
010101100
010001011
100011110
010011001
010000010
000000000
000011000
000101001
000011111
000101011
010000010
000011111
010000011
101011111
101111011
111100001
100011111
000000001
000011111
010000011
010000010
000111000
000100100
000011111
000111010
000100110
100000000
010011101
010000100
011100111
010100111
011100001
010000101
010011100
000011111
010011101
101001001
001111001
011100111
011100101
011100101
010011000
010001101
010000100
011001100
011100000
011101100
011001100
011100000
011101100
011001100
011100000
011101100
011101100
011001100
010000101
100000000
010011001
010011011
010001011
010001101
010000100
010010111
010000110
010001011
100000000
010011101
010001010
011100000
011010110
011110110
010001011
010011100
000011111
010011101
101001001
001111001
011101010
010001010
010010111
100000000
011010110
010001101
100000000
010011101
011110110
011010110
001001100
010001101
010011100
000011111
010011101
101000110
001100100
010011100
101001101
001111011
010011100
101000111
001100111
010001100
010001111
100010100
010011001
100000000
101111001
010000100
010010111
011110111
100000000
010011101
010110110
011110111
001001110
010001111
010011100
000011111
010011101
101000111
001111000
010001010
010010111
011010110
010010001
011110110
011010110
001010000
010010001
011110110
011110110
011110110
011010110
001010000
010010001
011110110
011010110
001010000
010010001
010000100
010010111
011110110
011110110
011110110
011110110
011010110
001010000
010010001
011110110
011010110
001010000
010010001
011110110
011110110
011010110
001010000
010010001
010001010
010010111
011010110
010010011
011110110
011110110
011010110
001010010
010010011
010000100
010010111
011110110
011010110
001010010
010010011
011110110
011110110
011010110
001010010
010010011
011110110
011010110
001010010
010010011
011110110
011110110
011010110
001010010
010010011
011110110
011010110
001010010
010010011
010001010
010010111
100000000
011010110
010010101
011110110
011010110
001010100
010010101
011110110
011010110
001010100
010010101
010000100
010010111
100000000
010011101
011010110
011110110
001010100
010010101
010011100
000011111
010011101
101010001
001111000
010010100
001001100
001001110
001010000
001010010
010010101
010000100
011100000
011100000
011100000
011100000
010010111
100000000
011010110
011100000
011110110
011010110
011100000
011110110
011010110
011100000
010101110
011100000
011110110
011010110
011100000
010110000
011100000
010110010
011100000
010110100
010001001
010001010
010101100
010001011
010000010
000111000
000111100
000011111
000111010
100000000
010101010
010001101
100000000
010101000
011101001
010010101
100000000
010101000
011101001
010010011
100000000
010101000
011101001
011101001
010010001
100000000
010101000
010001111
100000000
010101000
001001100
001001110
001010000
001010010
010010101
100000000
010111010
010000101
001010100
010010101
011111101
010111100
010001011
001010100
010010101
011111101
010111100
010001001
001010100
010010101
011111101
011111101
010111100
010000111
001010100
010010101
010010100
001010110
010010101
010001100
001000100
010001101
010001110
001000110
010001111
010010000
001001000
010010001
010010010
001001010
010010011
010011010
010001011
100000000
011001010
011100000
011101010
011001010
011100000
011101010
011001010
011101010
010001001
100000000
011001010
011100000
011101010
011001010
011100000
011101010
011001010
011100000
011101010
011001010
011100000
010010111
010011000
010001011
010010110
011001010
011100000
011101010
011001010
011100000
011101010
011001010
011100000
011101010
011101010
011001010
010000111
100000111
010011101
100000000
000001100
000001110
000010000
000010010
000010100
010000101
101000000
101111100
010010100
101000001
001100100
010001000
110000111
010001001
010000100
101001011
001100100
010001000
110000010
010001001
100011001
010011101
010000100
101001001
101111100
010001100
101000001
001100100
010000110
110000011
010000111
010001110
101000001
001100100
010000110
110000110
010000111
010010000
101000001
001100100
010001000
110000000
010001001
010010010
101000001
001100100
010001000
110000001
010001001
100010010
000000001
010011101
010000100
101000111
101111100
100010011
010011101
010001100
101000011
101111100
010001110
101000011
001100100
010000110
110000111
010000111
010010000
101000011
001100100
010000110
110000101
010000111
010010010
101000011
001100100
010000110
110000100
010000111
010001110
101000001
001100100
010000110
110000000
010000111
010010000
101000001
001100100
010000110
110000001
010000111
010010010
101000001
001100100
010000110
110000010
010000111
100011110
000000010
000100111
000011111
000101001
010000010
000011111
000011111
010011111
100001101
000000000
000000000
000000000
000000001
100011000
000000001
000000001
000000001
000000001
010011101
100010111
000000001
000000000
100100011
110111101
111100001
